,Wafer,Prediction
0,1201.0,-1.0
1,1203.0,-1.0
2,1204.0,-1.0
3,1205.0,-1.0
4,1206.0,-1.0
5,1207.0,-1.0
6,1210.0,-1.0
7,1211.0,-1.0
8,1212.0,-1.0
9,1215.0,-1.0
10,1216.0,-1.0
11,1217.0,-1.0
12,1218.0,-1.0
13,1220.0,-1.0
14,1221.0,-1.0
15,1222.0,-1.0
16,1223.0,-1.0
17,1224.0,-1.0
18,1226.0,-1.0
19,1227.0,-1.0
20,1228.0,-1.0
21,1230.0,-1.0
22,1231.0,-1.0
23,1234.0,-1.0
24,1236.0,-1.0
25,1237.0,-1.0
26,1238.0,-1.0
27,1240.0,-1.0
28,1243.0,-1.0
29,1244.0,-1.0
30,1245.0,-1.0
31,1246.0,-1.0
32,1247.0,-1.0
33,1248.0,-1.0
34,1254.0,-1.0
35,1255.0,-1.0
36,1256.0,-1.0
37,1257.0,-1.0
38,1258.0,-1.0
39,1259.0,-1.0
40,1260.0,-1.0
41,1261.0,-1.0
42,1264.0,-1.0
43,1265.0,-1.0
44,1268.0,-1.0
45,1269.0,-1.0
46,1270.0,-1.0
47,1271.0,-1.0
48,1272.0,-1.0
49,1274.0,-1.0
50,1275.0,-1.0
51,1277.0,-1.0
52,1278.0,-1.0
53,1279.0,-1.0
54,1280.0,-1.0
55,1282.0,-1.0
56,1283.0,-1.0
57,1284.0,-1.0
58,1286.0,-1.0
59,1288.0,-1.0
60,1291.0,-1.0
61,1292.0,-1.0
62,1296.0,-1.0
63,1297.0,-1.0
64,1298.0,-1.0
65,1001.0,-1.0
66,1002.0,-1.0
67,1003.0,-1.0
68,1004.0,-1.0
69,1006.0,-1.0
70,1007.0,-1.0
71,1010.0,-1.0
72,1013.0,-1.0
73,1014.0,-1.0
74,1015.0,-1.0
75,1016.0,-1.0
76,1017.0,-1.0
77,1019.0,-1.0
78,1020.0,-1.0
79,1021.0,-1.0
80,1024.0,-1.0
81,1025.0,-1.0
82,1026.0,-1.0
83,1029.0,-1.0
84,1031.0,-1.0
85,1032.0,-1.0
86,1034.0,-1.0
87,1036.0,-1.0
88,1037.0,-1.0
89,1038.0,-1.0
90,1039.0,-1.0
91,1041.0,-1.0
92,1043.0,-1.0
93,1045.0,-1.0
94,1046.0,-1.0
95,1047.0,-1.0
96,1048.0,-1.0
97,1050.0,-1.0
98,1054.0,-1.0
99,1055.0,-1.0
100,1058.0,-1.0
101,1059.0,-1.0
102,1060.0,-1.0
103,1061.0,-1.0
104,1062.0,-1.0
105,1064.0,-1.0
106,1065.0,-1.0
107,1066.0,-1.0
108,1067.0,-1.0
109,1068.0,-1.0
110,1069.0,-1.0
111,1070.0,-1.0
112,1071.0,-1.0
113,1072.0,-1.0
114,1074.0,-1.0
115,1075.0,-1.0
116,1077.0,-1.0
117,1078.0,-1.0
118,1079.0,-1.0
119,1080.0,-1.0
120,1081.0,-1.0
121,1082.0,-1.0
122,1084.0,-1.0
123,1085.0,-1.0
124,1087.0,-1.0
125,1088.0,-1.0
126,1089.0,-1.0
127,1090.0,-1.0
128,1091.0,-1.0
129,1093.0,-1.0
130,1096.0,-1.0
131,1097.0,-1.0
132,1098.0,-1.0
133,1099.0,-1.0
134,1100.0,-1.0
135,1501.0,-1.0
136,1502.0,-1.0
137,1503.0,-1.0
138,1504.0,-1.0
139,1505.0,-1.0
140,1506.0,-1.0
141,1507.0,-1.0
142,1508.0,-1.0
143,1512.0,-1.0
144,1513.0,-1.0
145,1514.0,-1.0
146,1517.0,-1.0
147,1518.0,-1.0
148,1519.0,-1.0
149,1522.0,-1.0
150,1523.0,-1.0
151,1524.0,-1.0
152,1525.0,-1.0
153,1526.0,-1.0
154,1527.0,-1.0
155,1528.0,-1.0
156,1529.0,-1.0
157,1530.0,-1.0
158,1531.0,-1.0
159,1532.0,-1.0
160,1533.0,-1.0
161,1534.0,-1.0
162,1535.0,-1.0
163,1536.0,-1.0
164,1537.0,-1.0
165,902.0,-1.0
166,904.0,-1.0
167,907.0,-1.0
168,908.0,-1.0
169,915.0,-1.0
170,916.0,-1.0
171,919.0,-1.0
172,920.0,-1.0
173,922.0,-1.0
174,923.0,-1.0
175,924.0,-1.0
176,925.0,-1.0
177,927.0,-1.0
178,929.0,-1.0
179,930.0,-1.0
180,931.0,-1.0
181,932.0,-1.0
182,936.0,-1.0
183,937.0,-1.0
184,938.0,-1.0
185,939.0,-1.0
186,940.0,-1.0
187,941.0,-1.0
188,942.0,-1.0
189,944.0,-1.0
190,946.0,-1.0
191,947.0,-1.0
192,948.0,-1.0
193,949.0,-1.0
194,950.0,-1.0
195,951.0,-1.0
196,952.0,-1.0
197,953.0,-1.0
198,954.0,-1.0
199,957.0,-1.0
200,960.0,-1.0
201,961.0,-1.0
202,962.0,-1.0
203,963.0,-1.0
204,964.0,-1.0
205,965.0,-1.0
206,968.0,-1.0
207,969.0,-1.0
208,970.0,-1.0
209,973.0,-1.0
210,974.0,-1.0
211,975.0,-1.0
212,976.0,-1.0
213,979.0,-1.0
214,980.0,-1.0
215,981.0,-1.0
216,982.0,-1.0
217,983.0,-1.0
218,984.0,-1.0
219,985.0,-1.0
220,986.0,-1.0
221,988.0,-1.0
222,989.0,-1.0
223,991.0,-1.0
224,992.0,-1.0
225,993.0,-1.0
226,994.0,-1.0
227,996.0,-1.0
228,997.0,-1.0
229,998.0,-1.0
230,999.0,-1.0
231,801.0,-1.0
232,802.0,-1.0
233,803.0,-1.0
234,804.0,-1.0
235,805.0,-1.0
236,810.0,-1.0
237,811.0,-1.0
238,812.0,-1.0
239,814.0,-1.0
240,815.0,-1.0
241,822.0,-1.0
242,823.0,-1.0
243,825.0,-1.0
244,826.0,-1.0
245,827.0,-1.0
246,828.0,-1.0
247,829.0,-1.0
248,830.0,-1.0
249,831.0,-1.0
250,833.0,-1.0
251,834.0,-1.0
252,837.0,-1.0
253,840.0,-1.0
254,841.0,-1.0
255,842.0,-1.0
256,843.0,-1.0
257,844.0,-1.0
258,845.0,-1.0
259,847.0,-1.0
260,849.0,-1.0
261,852.0,-1.0
262,853.0,-1.0
263,854.0,-1.0
264,855.0,-1.0
265,856.0,-1.0
266,857.0,-1.0
267,858.0,-1.0
268,860.0,-1.0
269,863.0,-1.0
270,864.0,-1.0
271,865.0,-1.0
272,866.0,-1.0
273,867.0,-1.0
274,869.0,-1.0
275,870.0,-1.0
276,871.0,-1.0
277,872.0,-1.0
278,875.0,-1.0
279,877.0,-1.0
280,881.0,-1.0
281,882.0,-1.0
282,883.0,-1.0
283,885.0,-1.0
284,886.0,-1.0
285,887.0,-1.0
286,888.0,-1.0
287,889.0,-1.0
288,890.0,-1.0
289,895.0,-1.0
290,896.0,-1.0
291,897.0,-1.0
292,899.0,-1.0
293,1401.0,-1.0
294,1403.0,-1.0
295,1405.0,-1.0
296,1407.0,-1.0
297,1408.0,-1.0
298,1409.0,-1.0
299,1411.0,-1.0
300,1412.0,-1.0
301,1413.0,-1.0
302,1414.0,-1.0
303,1415.0,-1.0
304,1416.0,-1.0
305,1417.0,-1.0
306,1418.0,-1.0
307,1419.0,-1.0
308,1421.0,-1.0
309,1422.0,-1.0
310,1424.0,-1.0
311,1425.0,-1.0
312,1426.0,-1.0
313,1427.0,-1.0
314,1428.0,-1.0
315,1430.0,-1.0
316,1431.0,-1.0
317,1432.0,-1.0
318,1433.0,-1.0
319,1434.0,-1.0
320,1435.0,-1.0
321,1436.0,-1.0
322,1437.0,-1.0
323,1438.0,-1.0
324,1439.0,-1.0
325,1440.0,-1.0
326,1442.0,-1.0
327,1443.0,-1.0
328,1447.0,-1.0
329,1448.0,-1.0
330,1450.0,-1.0
331,1452.0,-1.0
332,1453.0,-1.0
333,1458.0,-1.0
334,1459.0,-1.0
335,1460.0,-1.0
336,1461.0,-1.0
337,1464.0,-1.0
338,1466.0,-1.0
339,1467.0,-1.0
340,1468.0,-1.0
341,1470.0,-1.0
342,1473.0,-1.0
343,1474.0,-1.0
344,1475.0,-1.0
345,1476.0,-1.0
346,1477.0,-1.0
347,1478.0,-1.0
348,1480.0,-1.0
349,1481.0,-1.0
350,1483.0,-1.0
351,1484.0,-1.0
352,1485.0,-1.0
353,1486.0,-1.0
354,1489.0,-1.0
355,1490.0,-1.0
356,1491.0,-1.0
357,1492.0,-1.0
358,1493.0,-1.0
359,1494.0,-1.0
360,1496.0,-1.0
361,1498.0,-1.0
362,1500.0,-1.0
363,1102.0,-1.0
364,1104.0,-1.0
365,1106.0,-1.0
366,1109.0,-1.0
367,1110.0,-1.0
368,1111.0,-1.0
369,1113.0,-1.0
370,1116.0,-1.0
371,1119.0,-1.0
372,1121.0,-1.0
373,1124.0,-1.0
374,1125.0,-1.0
375,1127.0,-1.0
376,1131.0,-1.0
377,1132.0,-1.0
378,1133.0,1.0
379,1134.0,-1.0
380,1135.0,-1.0
381,1137.0,-1.0
382,1138.0,-1.0
383,1139.0,-1.0
384,1142.0,-1.0
385,1143.0,-1.0
386,1144.0,-1.0
387,1145.0,-1.0
388,1146.0,-1.0
389,1148.0,-1.0
390,1151.0,-1.0
391,1152.0,-1.0
392,1155.0,-1.0
393,1156.0,-1.0
394,1158.0,-1.0
395,1159.0,-1.0
396,1160.0,-1.0
397,1162.0,-1.0
398,1163.0,-1.0
399,1164.0,-1.0
400,1165.0,-1.0
401,1169.0,-1.0
402,1171.0,-1.0
403,1172.0,-1.0
404,1175.0,-1.0
405,1178.0,-1.0
406,1181.0,-1.0
407,1182.0,-1.0
408,1185.0,-1.0
409,1187.0,-1.0
410,1188.0,-1.0
411,1189.0,-1.0
412,1190.0,-1.0
413,1191.0,-1.0
414,1193.0,-1.0
415,1194.0,-1.0
416,1196.0,-1.0
417,1198.0,-1.0
418,1199.0,-1.0
419,1200.0,-1.0
420,701.0,-1.0
421,702.0,-1.0
422,704.0,-1.0
423,705.0,-1.0
424,706.0,-1.0
425,707.0,-1.0
426,712.0,-1.0
427,713.0,-1.0
428,715.0,-1.0
429,718.0,-1.0
430,719.0,-1.0
431,720.0,-1.0
432,721.0,-1.0
433,723.0,-1.0
434,724.0,-1.0
435,726.0,-1.0
436,729.0,-1.0
437,730.0,-1.0
438,731.0,-1.0
439,732.0,-1.0
440,734.0,-1.0
441,735.0,-1.0
442,736.0,-1.0
443,739.0,-1.0
444,742.0,-1.0
445,743.0,-1.0
446,744.0,-1.0
447,745.0,-1.0
448,747.0,-1.0
449,753.0,-1.0
450,754.0,-1.0
451,757.0,-1.0
452,758.0,-1.0
453,759.0,-1.0
454,760.0,-1.0
455,764.0,-1.0
456,765.0,-1.0
457,766.0,-1.0
458,767.0,-1.0
459,768.0,-1.0
460,770.0,-1.0
461,772.0,-1.0
462,773.0,-1.0
463,774.0,-1.0
464,775.0,-1.0
465,776.0,-1.0
466,781.0,-1.0
467,782.0,-1.0
468,783.0,-1.0
469,787.0,-1.0
470,788.0,-1.0
471,789.0,-1.0
472,790.0,-1.0
473,791.0,-1.0
474,793.0,-1.0
475,794.0,-1.0
476,796.0,-1.0
477,797.0,-1.0
478,799.0,-1.0
479,800.0,-1.0
480,1301.0,-1.0
481,1302.0,-1.0
482,1303.0,-1.0
483,1306.0,-1.0
484,1307.0,-1.0
485,1308.0,-1.0
486,1309.0,-1.0
487,1310.0,-1.0
488,1311.0,-1.0
489,1314.0,-1.0
490,1315.0,-1.0
491,1316.0,-1.0
492,1317.0,-1.0
493,1320.0,-1.0
494,1324.0,-1.0
495,1325.0,-1.0
496,1326.0,-1.0
497,1328.0,-1.0
498,1329.0,-1.0
499,1333.0,-1.0
500,1336.0,-1.0
501,1337.0,-1.0
502,1339.0,-1.0
503,1341.0,-1.0
504,1345.0,-1.0
505,1346.0,-1.0
506,1347.0,-1.0
507,1348.0,-1.0
508,1349.0,-1.0
509,1352.0,-1.0
510,1353.0,-1.0
511,1355.0,-1.0
512,1358.0,-1.0
513,1360.0,-1.0
514,1361.0,-1.0
515,1362.0,-1.0
516,1363.0,-1.0
517,1365.0,-1.0
518,1366.0,-1.0
519,1367.0,-1.0
520,1368.0,-1.0
521,1370.0,-1.0
522,1372.0,-1.0
523,1375.0,-1.0
524,1376.0,-1.0
525,1379.0,-1.0
526,1380.0,-1.0
527,1381.0,-1.0
528,1383.0,-1.0
529,1384.0,-1.0
530,1385.0,-1.0
531,1387.0,-1.0
532,1388.0,-1.0
533,1389.0,-1.0
534,1391.0,-1.0
535,1392.0,-1.0
536,1393.0,-1.0
537,1394.0,-1.0
538,1395.0,-1.0
539,1397.0,-1.0
540,1399.0,-1.0
541,1202.0,-1.0
542,1287.0,-1.0
543,1290.0,-1.0
544,1294.0,-1.0
545,1299.0,-1.0
546,1300.0,-1.0
547,1005.0,-1.0
548,1012.0,-1.0
549,1022.0,-1.0
550,1027.0,-1.0
551,1033.0,-1.0
552,1044.0,-1.0
553,1052.0,-1.0
554,1063.0,-1.0
555,1073.0,-1.0
556,1076.0,-1.0
557,1092.0,-1.0
558,1511.0,-1.0
559,1516.0,-1.0
560,1521.0,-1.0
561,905.0,-1.0
562,914.0,-1.0
563,926.0,-1.0
564,934.0,-1.0
565,935.0,-1.0
566,945.0,-1.0
567,955.0,-1.0
568,956.0,-1.0
569,958.0,-1.0
570,967.0,-1.0
571,971.0,-1.0
572,972.0,-1.0
573,978.0,-1.0
574,987.0,-1.0
575,1000.0,-1.0
576,816.0,-1.0
577,818.0,-1.0
578,835.0,-1.0
579,846.0,-1.0
580,850.0,-1.0
581,862.0,-1.0
582,868.0,-1.0
583,892.0,-1.0
584,900.0,-1.0
585,1429.0,-1.0
586,1449.0,-1.0
587,1465.0,-1.0
588,1487.0,-1.0
589,1488.0,-1.0
590,1497.0,-1.0
591,1499.0,-1.0
592,1101.0,-1.0
593,1105.0,-1.0
594,1114.0,-1.0
595,1122.0,-1.0
596,1123.0,-1.0
597,1126.0,-1.0
598,1140.0,-1.0
599,1150.0,-1.0
600,1168.0,-1.0
601,1170.0,-1.0
602,1176.0,1.0
603,1179.0,-1.0
604,1180.0,-1.0
605,1184.0,-1.0
606,1186.0,-1.0
607,708.0,-1.0
608,710.0,-1.0
609,716.0,-1.0
610,725.0,-1.0
611,727.0,-1.0
612,737.0,-1.0
613,741.0,-1.0
614,746.0,-1.0
615,748.0,-1.0
616,751.0,-1.0
617,752.0,-1.0
618,756.0,-1.0
619,771.0,-1.0
620,778.0,-1.0
621,785.0,-1.0
622,795.0,-1.0
623,1304.0,-1.0
624,1305.0,-1.0
625,1319.0,-1.0
626,1321.0,-1.0
627,1332.0,-1.0
628,1350.0,-1.0
629,1354.0,-1.0
630,1356.0,-1.0
631,1369.0,-1.0
632,1390.0,-1.0
633,1398.0,-1.0
634,1208.0,-1.0
635,1209.0,-1.0
636,1213.0,-1.0
637,1214.0,-1.0
638,1219.0,-1.0
639,1225.0,-1.0
640,1229.0,-1.0
641,1232.0,-1.0
642,1233.0,1.0
643,1235.0,-1.0
644,1239.0,-1.0
645,1241.0,-1.0
646,1242.0,-1.0
647,1249.0,-1.0
648,1250.0,-1.0
649,1251.0,-1.0
650,1252.0,-1.0
651,1253.0,-1.0
652,1262.0,-1.0
653,1263.0,-1.0
654,1266.0,-1.0
655,1267.0,-1.0
656,1273.0,-1.0
657,1276.0,-1.0
658,1281.0,-1.0
659,1285.0,-1.0
660,1289.0,-1.0
661,1293.0,-1.0
662,1295.0,-1.0
663,1008.0,-1.0
664,1009.0,-1.0
665,1011.0,-1.0
666,1018.0,-1.0
667,1023.0,-1.0
668,1028.0,-1.0
669,1030.0,-1.0
670,1035.0,-1.0
671,1040.0,-1.0
672,1042.0,-1.0
673,1049.0,-1.0
674,1051.0,-1.0
675,1053.0,-1.0
676,1056.0,-1.0
677,1057.0,-1.0
678,1083.0,-1.0
679,1086.0,-1.0
680,1094.0,-1.0
681,1095.0,-1.0
682,1509.0,-1.0
683,1510.0,-1.0
684,1515.0,-1.0
685,1520.0,-1.0
686,901.0,-1.0
687,903.0,-1.0
688,906.0,-1.0
689,909.0,-1.0
690,910.0,-1.0
691,911.0,-1.0
692,912.0,-1.0
693,913.0,-1.0
694,917.0,-1.0
695,918.0,-1.0
696,921.0,-1.0
697,928.0,-1.0
698,933.0,-1.0
699,943.0,-1.0
700,959.0,-1.0
701,966.0,-1.0
702,977.0,-1.0
703,990.0,-1.0
704,995.0,-1.0
705,806.0,-1.0
706,807.0,-1.0
707,808.0,-1.0
708,809.0,-1.0
709,813.0,-1.0
710,817.0,-1.0
711,819.0,-1.0
712,820.0,-1.0
713,821.0,-1.0
714,824.0,-1.0
715,832.0,-1.0
716,836.0,-1.0
717,838.0,-1.0
718,839.0,-1.0
719,848.0,-1.0
720,851.0,-1.0
721,859.0,-1.0
722,861.0,-1.0
723,873.0,-1.0
724,874.0,-1.0
725,876.0,-1.0
726,878.0,-1.0
727,879.0,-1.0
728,880.0,-1.0
729,884.0,-1.0
730,891.0,-1.0
731,893.0,-1.0
732,894.0,-1.0
733,898.0,-1.0
734,1402.0,-1.0
735,1404.0,-1.0
736,1406.0,-1.0
737,1410.0,-1.0
738,1420.0,-1.0
739,1423.0,-1.0
740,1441.0,-1.0
741,1444.0,-1.0
742,1445.0,-1.0
743,1446.0,-1.0
744,1451.0,-1.0
745,1454.0,-1.0
746,1455.0,-1.0
747,1456.0,-1.0
748,1457.0,-1.0
749,1462.0,-1.0
750,1463.0,-1.0
751,1469.0,-1.0
752,1471.0,-1.0
753,1472.0,-1.0
754,1479.0,-1.0
755,1482.0,-1.0
756,1495.0,-1.0
757,1103.0,-1.0
758,1107.0,-1.0
759,1108.0,-1.0
760,1112.0,-1.0
761,1115.0,-1.0
762,1117.0,-1.0
763,1118.0,-1.0
764,1120.0,-1.0
765,1128.0,-1.0
766,1129.0,-1.0
767,1130.0,-1.0
768,1136.0,-1.0
769,1141.0,-1.0
770,1147.0,-1.0
771,1149.0,-1.0
772,1153.0,-1.0
773,1154.0,-1.0
774,1157.0,-1.0
775,1161.0,-1.0
776,1166.0,-1.0
777,1167.0,-1.0
778,1173.0,-1.0
779,1174.0,-1.0
780,1177.0,-1.0
781,1183.0,-1.0
782,1192.0,-1.0
783,1195.0,-1.0
784,1197.0,-1.0
785,703.0,-1.0
786,709.0,-1.0
787,711.0,-1.0
788,714.0,-1.0
789,717.0,-1.0
790,722.0,-1.0
791,728.0,-1.0
792,733.0,-1.0
793,738.0,-1.0
794,740.0,-1.0
795,749.0,-1.0
796,750.0,-1.0
797,755.0,-1.0
798,761.0,-1.0
799,762.0,-1.0
800,763.0,-1.0
801,769.0,-1.0
802,777.0,-1.0
803,779.0,-1.0
804,780.0,-1.0
805,784.0,-1.0
806,786.0,-1.0
807,792.0,-1.0
808,798.0,-1.0
809,1312.0,-1.0
810,1313.0,-1.0
811,1318.0,-1.0
812,1322.0,-1.0
813,1323.0,-1.0
814,1327.0,-1.0
815,1330.0,-1.0
816,1331.0,-1.0
817,1334.0,-1.0
818,1335.0,-1.0
819,1338.0,-1.0
820,1340.0,-1.0
821,1342.0,-1.0
822,1343.0,-1.0
823,1344.0,-1.0
824,1351.0,-1.0
825,1357.0,-1.0
826,1359.0,-1.0
827,1364.0,-1.0
828,1371.0,-1.0
829,1373.0,-1.0
830,1374.0,-1.0
831,1377.0,-1.0
832,1378.0,-1.0
833,1382.0,-1.0
834,1386.0,-1.0
835,1396.0,-1.0
836,1400.0,-1.0
